<?xml version="1.0"?>
<opencv_storage>
<RMS>5.7673956520123693e-01</RMS>
<intrinsic type_id="opencv-matrix">
  <rows>3</rows>
  <cols>3</cols>
  <dt>d</dt>
  <data>
    5.0675875200427805e+02 0. 3.2921802039576266e+02 0.
    5.0598998173884883e+02 2.3996887126738531e+02 0. 0. 1.</data></intrinsic>
<distortion type_id="opencv-matrix">
  <rows>1</rows>
  <cols>5</cols>
  <dt>d</dt>
  <data>
    9.3087846058152957e-02 5.0194562783233421e-01
    -2.6901196809380433e-04 4.8270249381129234e-03
    -2.2702246093098344e+00</data></distortion>
</opencv_storage>
