<?xml version="1.0"?>
<opencv_storage>
<RMS>4.8189281138463458e-01</RMS>
<intrinsic type_id="opencv-matrix">
  <rows>3</rows>
  <cols>3</cols>
  <dt>d</dt>
  <data>
    6.0234461644945441e+02 0. 3.1002231612049223e+02 0.
    6.0300729708621043e+02 2.4370551725516899e+02 0. 0. 1.</data></intrinsic>
<distortion type_id="opencv-matrix">
  <rows>1</rows>
  <cols>5</cols>
  <dt>d</dt>
  <data>
    2.0098208691501313e-01 -1.2093838146719904e+00
    -1.4161131670629476e-03 -4.1016353586820556e-03
    2.2077655389065187e+00</data></distortion>
</opencv_storage>
